world: 3fa2b56c-fccc-495b-9a6b-13071b1aa778
world-name: scworld
x: 1213.8242242440149
y: 63.0
z: 517.8828739982677
yaw: 6.819580078125
pitch: -1.9501234292984009
name: cheg2
lastowner: 71e3316f-3447-3c50-b0a4-650663758cd6
