world: 3fa2b56c-fccc-495b-9a6b-13071b1aa778
world-name: scworld
x: 1270.2194992371508
y: 79.0
z: -6569.1435900766655
yaw: -84.00225830078125
pitch: 34.049983978271484
name: event
lastowner: a8f7fa81-c76f-3cba-baa7-5991b53f3a77
