world: 3fa2b56c-fccc-495b-9a6b-13071b1aa778
world-name: scworld
x: 1282.3368596863297
y: 78.0
z: 556.5549127297497
yaw: 90.96992492675781
pitch: 7.649855136871338
name: inv2
lastowner: 71e3316f-3447-3c50-b0a4-650663758cd6
