world: 3fa2b56c-fccc-495b-9a6b-13071b1aa778
world-name: scworld
x: 3254.5
y: 63.0
z: -4396.5
yaw: 49.81011199951172
pitch: -7.200009346008301
name: raid
lastowner: 7474bfbc-4258-3f3b-8a5b-8dc718c13a69
